image: /home/fabianfossbudal/repos/master-thesis-mono-repo/nav2_ws/src/map/rom_gf.png
resolution: 0.0113
origin: [-1.7, -5.8, 0.0]
orientation: [0.0, 0.0, 0.838670567945424, 0.5446390350150271]
negate: 0
occupied_thresh: 0.65
free_thresh: 0.196